<?xml version="1.0"?>
<opencv_storage>
<CornersAmount>48</CornersAmount>
<Corner_0>
  408 445</Corner_0>
<Corner_1>
  391 446</Corner_1>
<Corner_2>
  374 446</Corner_2>
<Corner_3>
  357 446</Corner_3>
<Corner_4>
  340 446</Corner_4>
<Corner_5>
  323 446</Corner_5>
<Corner_6>
  306 446</Corner_6>
<Corner_7>
  289 446</Corner_7>
<Corner_8>
  406 439</Corner_8>
<Corner_9>
  389 440</Corner_9>
<Corner_10>
  373 440</Corner_10>
<Corner_11>
  357 440</Corner_11>
<Corner_12>
  340 440</Corner_12>
<Corner_13>
  323 440</Corner_13>
<Corner_14>
  307 440</Corner_14>
<Corner_15>
  290 440</Corner_15>
<Corner_16>
  405 433</Corner_16>
<Corner_17>
  388 433</Corner_17>
<Corner_18>
  372 433</Corner_18>
<Corner_19>
  357 433</Corner_19>
<Corner_20>
  340 434</Corner_20>
<Corner_21>
  324 433</Corner_21>
<Corner_22>
  309 433</Corner_22>
<Corner_23>
  292 432</Corner_23>
<Corner_24>
  403 427</Corner_24>
<Corner_25>
  387 427</Corner_25>
<Corner_26>
  371 428</Corner_26>
<Corner_27>
  356 428</Corner_27>
<Corner_28>
  341 428</Corner_28>
<Corner_29>
  325 428</Corner_29>
<Corner_30>
  310 427</Corner_30>
<Corner_31>
  294 427</Corner_31>
<Corner_32>
  401 421</Corner_32>
<Corner_33>
  386 421</Corner_33>
<Corner_34>
  371 421</Corner_34>
<Corner_35>
  356 422</Corner_35>
<Corner_36>
  341 422</Corner_36>
<Corner_37>
  326 422</Corner_37>
<Corner_38>
  311 421</Corner_38>
<Corner_39>
  296 421</Corner_39>
<Corner_40>
  400 416</Corner_40>
<Corner_41>
  385 417</Corner_41>
<Corner_42>
  370 417</Corner_42>
<Corner_43>
  356 417</Corner_43>
<Corner_44>
  341 417</Corner_44>
<Corner_45>
  327 417</Corner_45>
<Corner_46>
  312 416</Corner_46>
<Corner_47>
  297 416</Corner_47>
</opencv_storage>
