<?xml version="1.0"?>
<opencv_storage>
<CameraMatrix type_id="opencv-matrix">
  <rows>3</rows>
  <cols>3</cols>
  <dt>d</dt>
  <data>
    4.8703887168242755e+02 0. 322. 0. 4.8703887168242755e+02 243. 0. 0.
    1.</data></CameraMatrix>
<DistortionCoeffs type_id="opencv-matrix">
  <rows>5</rows>
  <cols>1</cols>
  <dt>d</dt>
  <data>
    -3.7968690427789137e-01 2.2505081116848508e-01 0. 0.
    -8.2795969025988209e-02</data></DistortionCoeffs>
</opencv_storage>
