<?xml version="1.0"?>
<opencv_storage>
<CornersAmount>48</CornersAmount>
<Corner_0>
  272 398</Corner_0>
<Corner_1>
  275 404</Corner_1>
<Corner_2>
  277 410</Corner_2>
<Corner_3>
  280 418</Corner_3>
<Corner_4>
  283 425</Corner_4>
<Corner_5>
  286 432</Corner_5>
<Corner_6>
  289 441</Corner_6>
<Corner_7>
  293 450</Corner_7>
<Corner_8>
  257 399</Corner_8>
<Corner_9>
  259 406</Corner_9>
<Corner_10>
  261 411</Corner_10>
<Corner_11>
  263 419</Corner_11>
<Corner_12>
  265 426</Corner_12>
<Corner_13>
  267 434</Corner_13>
<Corner_14>
  270 442</Corner_14>
<Corner_15>
  273 451</Corner_15>
<Corner_16>
  241 401</Corner_16>
<Corner_17>
  242 407</Corner_17>
<Corner_18>
  243 413</Corner_18>
<Corner_19>
  245 420</Corner_19>
<Corner_20>
  246 427</Corner_20>
<Corner_21>
  248 435</Corner_21>
<Corner_22>
  250 444</Corner_22>
<Corner_23>
  252 453</Corner_23>
<Corner_24>
  224 402</Corner_24>
<Corner_25>
  225 408</Corner_25>
<Corner_26>
  226 414</Corner_26>
<Corner_27>
  227 421</Corner_27>
<Corner_28>
  228 429</Corner_28>
<Corner_29>
  229 437</Corner_29>
<Corner_30>
  230 445</Corner_30>
<Corner_31>
  231 454</Corner_31>
<Corner_32>
  209 403</Corner_32>
<Corner_33>
  209 408</Corner_33>
<Corner_34>
  209 415</Corner_34>
<Corner_35>
  210 422</Corner_35>
<Corner_36>
  210 430</Corner_36>
<Corner_37>
  211 438</Corner_37>
<Corner_38>
  211 447</Corner_38>
<Corner_39>
  212 455</Corner_39>
<Corner_40>
  192 404</Corner_40>
<Corner_41>
  192 410</Corner_41>
<Corner_42>
  192 416</Corner_42>
<Corner_43>
  192 423</Corner_43>
<Corner_44>
  192 431</Corner_44>
<Corner_45>
  192 439</Corner_45>
<Corner_46>
  191 448</Corner_46>
<Corner_47>
  191 457</Corner_47>
</opencv_storage>
