<?xml version="1.0"?>
<opencv_storage>
<CameraMatrix type_id="opencv-matrix">
  <rows>3</rows>
  <cols>3</cols>
  <dt>d</dt>
  <data>
    4.9022343955298805e+02 0. 322. 0. 4.9022343955298805e+02 243. 0. 0.
    1.</data></CameraMatrix>
<DistortionCoeffs type_id="opencv-matrix">
  <rows>5</rows>
  <cols>1</cols>
  <dt>d</dt>
  <data>
    -3.6466339348391219e-01 1.9487298523867286e-01 0. 0.
    -7.1052111353183095e-02</data></DistortionCoeffs>
</opencv_storage>
