<?xml version="1.0"?>
<opencv_storage>
<calibration_Time>"Sat Feb 17 21:42:02 2018"</calibration_Time>
<nrOfFrames>25</nrOfFrames>
<image_Width>640</image_Width>
<image_Height>480</image_Height>
<board_Width>9</board_Width>
<board_Height>6</board_Height>
<square_Size>50.</square_Size>
<FixAspectRatio>1.</FixAspectRatio>
<!-- flags:  +fix_aspectRatio +fix_principal_point +zero_tangent_dist -->
<flagValue>14</flagValue>
<Camera_Matrix type_id="opencv-matrix">
  <rows>3</rows>
  <cols>3</cols>
  <dt>d</dt>
  <data>
    6.5773852586367343e+02 0. 320. 0. 6.5773852586367343e+02 240. 0. 0.
    1.</data></Camera_Matrix>
<Distortion_Coefficients type_id="opencv-matrix">
  <rows>5</rows>
  <cols>1</cols>
  <dt>d</dt>
  <data>
    -2.6215621964526725e-01 1.9980406154295320e+00 0. 0.
    -6.5766632203549875e+00</data></Distortion_Coefficients>
<Avg_Reprojection_Error>6.1070615026293007e-01</Avg_Reprojection_Error>
<Per_View_Reprojection_Errors type_id="opencv-matrix">
  <rows>25</rows>
  <cols>1</cols>
  <dt>f</dt>
  <data>
    3.11126113e-01 3.41521859e-01 3.49213839e-01 3.86840403e-01
    4.17831719e-01 7.03937888e-01 7.02663362e-01 6.06713653e-01
    3.42979610e-01 3.53632748e-01 4.07796234e-01 4.12630558e-01
    3.32504749e-01 1.14824581e+00 8.27716708e-01 8.50659072e-01
    8.62481356e-01 9.65197563e-01 6.50115848e-01 6.02221370e-01
    5.40346384e-01 5.24377823e-01 5.42524874e-01 5.42347074e-01
    5.23288131e-01</data></Per_View_Reprojection_Errors>
<!-- a set of 6-tuples (rotation vector + translation vector) for each view -->
<Extrinsic_Parameters type_id="opencv-matrix">
  <rows>25</rows>
  <cols>6</cols>
  <dt>d</dt>
  <data>
    -1.0346139221663551e-01 -1.1365767648224617e-01
    1.2043096950305024e-01 -5.7848227109324824e+01
    -8.5905126743991772e+01 9.0916070443207354e+02
    -1.5232663697587057e-01 -1.4380049354587457e-01
    6.8620028454198831e-02 -8.0877875139756057e+01
    -6.7635400731645078e+01 9.1562633288675920e+02
    -1.5164789747805790e-01 -1.5418128467576450e-01
    6.5523818557275945e-02 -8.4792082822642826e+01
    -6.7916867354168616e+01 9.1279617927118943e+02
    -1.5235933766699078e-01 -1.7445542819975246e-01
    6.2191512132384476e-02 -9.0308527315281111e+01
    -6.7382391072600171e+01 9.0549799458153097e+02
    -1.3837903318112091e-01 -2.1842735357182352e-01
    6.1179411114632778e-02 -9.4861910469575065e+01
    -6.6435990486516047e+01 8.8628136385321659e+02
    -1.9528449672175135e-01 -4.2801308807414651e-01
    9.3592441452410770e-03 -1.1432775713798402e+02
    -5.6625083075441431e+01 8.4434692421703073e+02
    -2.6226882388751399e-01 -4.0791906564581459e-01
    6.6004800771031144e-03 -1.1023990986856020e+02
    -6.9049514778872464e+01 9.0385940193063118e+02
    -2.8384747092868423e-01 -1.4750706317746065e-01
    4.8484544311644361e-02 -7.5416544758948163e+01
    -8.4310065221313366e+01 1.0434997253312747e+03
    -1.7062320601221784e-01 8.4018723857762392e-02
    6.7545474721817406e-02 -4.9626641216938779e+01
    -8.6301088778145740e+01 1.0928286181685457e+03
    -1.7054942849470678e-01 2.3596830934354879e-01
    5.4300860704451850e-02 -4.2696576002518519e+01
    -8.4115479139485728e+01 1.1326203962699612e+03
    -1.3934019432365799e-01 2.8999835140465363e-01
    6.5863015541680683e-02 -2.9601377466901170e+01
    -8.3299852872075405e+01 1.1303046735110674e+03
    2.4293719104907424e-01 -4.1978563789583654e-03
    1.9370134162288755e-01 3.5194148259265532e+01
    -1.5259993148977833e+02 1.0540416275431905e+03
    1.1809688958909078e-02 -3.9925247329562319e-01
    1.1158555452692265e-01 1.2857451217894225e+01
    -1.3750382815188618e+02 1.0372688718413410e+03
    -7.9020597663271286e-01 -4.4560171606121673e-01
    -5.8046252595368865e-02 -1.0313915883014475e+01
    -2.3583223036397730e+01 1.1557441385130512e+03
    -5.5577134363852165e-01 -2.8425787514597811e-01
    9.3740504412685340e-03 -9.8099784560291582e+01
    -4.8761813161127591e+01 1.1167254495036132e+03
    -5.4502900225736783e-01 -2.9041646003434507e-01
    -2.0280699783275190e-02 -1.3938815743476835e+02
    -4.8985889720046622e+01 1.0982341219718437e+03
    -5.4276952713446691e-01 -2.9462435254199076e-01
    -2.9102589837792809e-02 -1.4820266860012987e+02
    -4.8363893690826430e+01 1.0917567044263549e+03
    -5.4445533155031023e-01 -2.8971371878789681e-01
    -4.1576073870586441e-02 -1.8159436070180709e+02
    -4.7106480798738602e+01 1.0822279893238338e+03
    -2.4802149720012745e-01 -3.6177476978029377e-01
    3.5271573939809647e-02 -1.1862007029188560e+02
    -7.9159699898146400e+01 1.0300767205155594e+03
    -2.2273350157550895e-01 -2.5748282739596123e-01
    7.9660192754116774e-02 -9.0350287887941690e+01
    -6.6773625088138985e+01 1.0334038619186167e+03
    -2.4896334739106676e-01 -2.5201307527162575e-01
    7.3839770035648358e-02 -9.0441683420031424e+01
    -6.4433289334321003e+01 1.0424246187580300e+03
    -2.6723891678725803e-01 -2.5282363035720928e-01
    7.2493650421653344e-02 -9.1851023410595616e+01
    -6.4464227652263006e+01 1.0492192729443257e+03
    -2.5405431287462310e-01 -2.5274166090890277e-01
    8.0289433012558198e-02 -8.8203521826141341e+01
    -6.5584195778125363e+01 1.0443753247301004e+03
    -2.4348532251419036e-01 -2.6947612277400629e-01
    7.6938514804144223e-02 -8.8037872178564825e+01
    -6.6302710815964161e+01 1.0365481454878920e+03
    -1.9711280310148241e-01 -2.6741824971816697e-01
    7.8084107638303632e-02 -8.7321016192739208e+01
    -6.9695129521077661e+01 1.0279720663399517e+03</data></Extrinsic_Parameters>
