<?xml version="1.0"?>
<opencv_storage>
<CameraMatrix type_id="opencv-matrix">
  <rows>3</rows>
  <cols>3</cols>
  <dt>d</dt>
  <data>
    4.9139117253567991e+02 0. 322. 0. 4.9139117253567991e+02 243. 0. 0.
    1.</data></CameraMatrix>
<DistortionCoeffs type_id="opencv-matrix">
  <rows>5</rows>
  <cols>1</cols>
  <dt>d</dt>
  <data>
    -3.8655898534982874e-01 2.4142498079939473e-01 0. 0.
    -1.0396744089755876e-01</data></DistortionCoeffs>
</opencv_storage>
