<?xml version="1.0"?>
<opencv_storage>
<CornersAmount>48</CornersAmount>
<Corner_0>
  387 341</Corner_0>
<Corner_1>
  376 337</Corner_1>
<Corner_2>
  363 333</Corner_2>
<Corner_3>
  354 330</Corner_3>
<Corner_4>
  341 326</Corner_4>
<Corner_5>
  332 323</Corner_5>
<Corner_6>
  322 320</Corner_6>
<Corner_7>
  313 317</Corner_7>
<Corner_8>
  395 336</Corner_8>
<Corner_9>
  384 333</Corner_9>
<Corner_10>
  373 330</Corner_10>
<Corner_11>
  361 326</Corner_11>
<Corner_12>
  351 323</Corner_12>
<Corner_13>
  342 320</Corner_13>
<Corner_14>
  331 318</Corner_14>
<Corner_15>
  323 314</Corner_15>
<Corner_16>
  405 332</Corner_16>
<Corner_17>
  394 330</Corner_17>
<Corner_18>
  382 325</Corner_18>
<Corner_19>
  371 323</Corner_19>
<Corner_20>
  361 320</Corner_20>
<Corner_21>
  351 317</Corner_21>
<Corner_22>
  341 313</Corner_22>
<Corner_23>
  332 311</Corner_23>
<Corner_24>
  413 328</Corner_24>
<Corner_25>
  402 325</Corner_25>
<Corner_26>
  390 322</Corner_26>
<Corner_27>
  379 319</Corner_27>
<Corner_28>
  369 317</Corner_28>
<Corner_29>
  360 313</Corner_29>
<Corner_30>
  351 310</Corner_30>
<Corner_31>
  342 308</Corner_31>
<Corner_32>
  422 325</Corner_32>
<Corner_33>
  409 322</Corner_33>
<Corner_34>
  399 318</Corner_34>
<Corner_35>
  387 316</Corner_35>
<Corner_36>
  377 313</Corner_36>
<Corner_37>
  368 310</Corner_37>
<Corner_38>
  359 307</Corner_38>
<Corner_39>
  350 305</Corner_39>
<Corner_40>
  429 321</Corner_40>
<Corner_41>
  416 319</Corner_41>
<Corner_42>
  407 316</Corner_42>
<Corner_43>
  396 312</Corner_43>
<Corner_44>
  385 310</Corner_44>
<Corner_45>
  376 308</Corner_45>
<Corner_46>
  366 305</Corner_46>
<Corner_47>
  358 302</Corner_47>
</opencv_storage>
