<?xml version="1.0"?>
<opencv_storage>
<CornersAmount>48</CornersAmount>
<Corner_0>
  326 371</Corner_0>
<Corner_1>
  316 364</Corner_1>
<Corner_2>
  306 358</Corner_2>
<Corner_3>
  296 351</Corner_3>
<Corner_4>
  286 345</Corner_4>
<Corner_5>
  277 339</Corner_5>
<Corner_6>
  269 333</Corner_6>
<Corner_7>
  260 328</Corner_7>
<Corner_8>
  338 364</Corner_8>
<Corner_9>
  327 358</Corner_9>
<Corner_10>
  318 352</Corner_10>
<Corner_11>
  308 345</Corner_11>
<Corner_12>
  298 340</Corner_12>
<Corner_13>
  289 334</Corner_13>
<Corner_14>
  280 328</Corner_14>
<Corner_15>
  272 322</Corner_15>
<Corner_16>
  351 359</Corner_16>
<Corner_17>
  339 353</Corner_17>
<Corner_18>
  329 346</Corner_18>
<Corner_19>
  320 340</Corner_19>
<Corner_20>
  310 334</Corner_20>
<Corner_21>
  301 329</Corner_21>
<Corner_22>
  292 324</Corner_22>
<Corner_23>
  283 319</Corner_23>
<Corner_24>
  362 353</Corner_24>
<Corner_25>
  352 347</Corner_25>
<Corner_26>
  340 341</Corner_26>
<Corner_27>
  331 335</Corner_27>
<Corner_28>
  321 330</Corner_28>
<Corner_29>
  312 324</Corner_29>
<Corner_30>
  303 319</Corner_30>
<Corner_31>
  294 314</Corner_31>
<Corner_32>
  373 347</Corner_32>
<Corner_33>
  362 341</Corner_33>
<Corner_34>
  352 335</Corner_34>
<Corner_35>
  341 330</Corner_35>
<Corner_36>
  332 325</Corner_36>
<Corner_37>
  323 320</Corner_37>
<Corner_38>
  314 315</Corner_38>
<Corner_39>
  305 310</Corner_39>
<Corner_40>
  383 341</Corner_40>
<Corner_41>
  373 336</Corner_41>
<Corner_42>
  363 331</Corner_42>
<Corner_43>
  352 325</Corner_43>
<Corner_44>
  342 320</Corner_44>
<Corner_45>
  333 315</Corner_45>
<Corner_46>
  324 310</Corner_46>
<Corner_47>
  316 306</Corner_47>
</opencv_storage>
