<?xml version="1.0"?>
<opencv_storage>
<CameraMatrix type_id="opencv-matrix">
  <rows>3</rows>
  <cols>3</cols>
  <dt>d</dt>
  <data>
    4.9176753972915901e+02 0. 322. 0. 4.9176753972915901e+02 243. 0. 0.
    1.</data></CameraMatrix>
<DistortionCoeffs type_id="opencv-matrix">
  <rows>5</rows>
  <cols>1</cols>
  <dt>d</dt>
  <data>
    -3.7732828284748854e-01 2.2410040982247820e-01 0. 0.
    -9.2800827501857239e-02</data></DistortionCoeffs>
</opencv_storage>
