<?xml version="1.0"?>
<opencv_storage>
<CornersAmount>48</CornersAmount>
<Corner_0>
  342 343</Corner_0>
<Corner_1>
  335 346</Corner_1>
<Corner_2>
  326 350</Corner_2>
<Corner_3>
  317 353</Corner_3>
<Corner_4>
  307 357</Corner_4>
<Corner_5>
  298 360</Corner_5>
<Corner_6>
  287 364</Corner_6>
<Corner_7>
  277 367</Corner_7>
<Corner_8>
  333 341</Corner_8>
<Corner_9>
  324 344</Corner_9>
<Corner_10>
  316 347</Corner_10>
<Corner_11>
  307 351</Corner_11>
<Corner_12>
  298 353</Corner_12>
<Corner_13>
  287 356</Corner_13>
<Corner_14>
  277 360</Corner_14>
<Corner_15>
  267 363</Corner_15>
<Corner_16>
  324 339</Corner_16>
<Corner_17>
  315 341</Corner_17>
<Corner_18>
  306 344</Corner_18>
<Corner_19>
  298 347</Corner_19>
<Corner_20>
  287 350</Corner_20>
<Corner_21>
  278 353</Corner_21>
<Corner_22>
  268 356</Corner_22>
<Corner_23>
  258 359</Corner_23>
<Corner_24>
  315 335</Corner_24>
<Corner_25>
  306 339</Corner_25>
<Corner_26>
  298 341</Corner_26>
<Corner_27>
  288 344</Corner_27>
<Corner_28>
  279 347</Corner_28>
<Corner_29>
  268 351</Corner_29>
<Corner_30>
  259 353</Corner_30>
<Corner_31>
  248 356</Corner_31>
<Corner_32>
  306 333</Corner_32>
<Corner_33>
  298 336</Corner_33>
<Corner_34>
  287 339</Corner_34>
<Corner_35>
  279 341</Corner_35>
<Corner_36>
  269 344</Corner_36>
<Corner_37>
  260 347</Corner_37>
<Corner_38>
  250 350</Corner_38>
<Corner_39>
  240 353</Corner_39>
<Corner_40>
  297 331</Corner_40>
<Corner_41>
  288 334</Corner_41>
<Corner_42>
  280 336</Corner_42>
<Corner_43>
  269 339</Corner_43>
<Corner_44>
  262 341</Corner_44>
<Corner_45>
  252 344</Corner_45>
<Corner_46>
  241 347</Corner_46>
<Corner_47>
  230 350</Corner_47>
</opencv_storage>
