<?xml version="1.0"?>
<opencv_storage>
<some_name3 type_id="opencv-matrix">
  <rows>4</rows>
  <cols>2</cols>
  <dt>f</dt>
  <data>
    1.83431384e+03 8.73441223e+02 2.80509521e+03 4.18796921e+01
    1.10194214e+03 3.14468109e+02 2.40185815e+03 -3.81539581e+02</data></some_name3>
</opencv_storage>
